1001	1001	01001	1001	000001001	000001001	1001	1001	1001	1001	1001	1001	
1001	01001	1001	000001001	000001001	1001	1001	1001	1001	1001	1001	
1001	01001	1001	000001001	000001001	1001	1001	1001	1001	1001	1001	
1001	01001	1001	000001001	000001001	1001	1001	1001	1001	1001	1001	
1001	01001	1001	000001001	000001001	1001	1001	1001	1001	1001	1001	
1001	01001	1001	000001001	000001001	1001	1001	1001	1001	1001	1001	
1001	01001	1001	000001001	000001001	1001	1001	1001	1001	1001	1001	
1001	01001	1001	000001001	000001001	1001	1001	1001	1001	1001	1001	
1001	01001	1001	000001001	000001001	1001	1001	1001	1001	1001	1001	
1001	01001	1001	000001001	000001001	1001	1001	1001	1001	1001	1001	
1001	01001	1001	000001001	000001001	1001	1001	1001	1001	1001	1001	
1001	01001	1001	000001001	000001001	1001	1001	1001	1001	1001	1001	
1001	01001	1001	000001001	000001001	1001	1001	1001	1001	1001	1001	
1001	01001	1001	000001001	000001001	1001	1001	1001	1001	1001	1001	
1001	01001	1001	000001001	000001001	1001	1001	1001	1001	1001	1001	
1001	01001	1001	000001001	000001001	1001	1001	1001	1001	1001	1001	
1001	01001	1001	000001001	000001001	1001	1001	1001	1001	1001	1001	
1001	01001	1001	000001001	000001001	1001	1001	1001	1001	1001	1001	
1001	01001	1001	000001001	000001001	1001	1001	1001	1001	1001	1001	
1001	01001	1001	000001001	000001001	1001	1001	1001	1001	1001	1001	
1001	01001	1001	000001001	000001001	1001	1001	1001	1001	1001	1001	
1001	01001	1001	000001001	000001001	1001	1001	1001	1001	1001	1001	
1001	01001	1001	000001001	000001001	1001	1001	1001	1001	1001	1001	
1001	01001	1001	000001001	000001001	1001	1001	1001	1001	1001	1001	
1001	01001	1001	000001001	000001001	1001	1001	1001	1001	1001	1001	
1001	01001	1001	000001001	000001001	1001	1001	1001	1001	1001	1001	
1001	01001	1001	000001001	000001001	1001	1001	1001	1001	1001	1001	
1001	01001	1001	000001001	000001001	1001	1001	1001	1001	1001	1001	
1001	01001	1001	000001001	000001001	1001	1001	1001	1001	1001	1001	
1001	01001	1001	000001001	000001001	1001	1001	1001	1001	1001	1001	
1001	01001	1001	000001001	000001001	1001	1001	1001	1001	1001	1001	
1001	01001	1001	000001001	000001001	1001	1001	1001	1001	1001	1001	
1001	01001	1001	000001001	000001001	1001	1001	1001	1001	1001	1001	
1001	01001	1001	000001001	000001001	1001	1001	1001	1001	1001	1001	
1001	01001	1001	000001001	000001001	1001	1001	1001	1001	1001	1001	
1001	01001	1001	000001001	000001001	1001	1001	1001	1001	1001	1001	
1001	01001	1001	000001001	000001001	1001	1001	1001	1001	1001	1001	
1001	01001	1001	000001001	000001001	1001	1001	1001	1001	1001	1001	
1001	01001	1001	000001001	000001001	1001	1001	1001	1001	1001	1001	
1001	01001	1001	000001001	000001001	1001	1001	1001	1001	1001	1001	
1001	01001	1001	000001001	000001001	1001	1001	1001	1001	1001	1001	
1001	01001	1001	000001001	000001001	1001	1001	1001	1001	1001	1001	
1001	01001	1001	000001001	000001001	1001	1001	1001	1001	1001	1001	
1001	01001	1001	000001001	000001001	1001	1001	1001	1001	1001	1001	
1001	01001	1001	000001001	000001001	1001	1001	1001	1001	1001	1001	
1001	01001	1001	000001001	000001001	1001	1001	1001	1001	1001	1001	
1001	01001	1001	000001001	000001001	1001	1001	1001	1001	1001	1001	
1001	01001	1001	000001001	000001001	1001	1001	1001	1001	1001	1001	
1001	01001	1001	000001001	000001001	1001	1001	1001	1001	1001	1001	
