1001	01001	1001	000001001	000001001	1001	1001	1001	1001	1001	1001	
1001	01001	1001	000001001	000001001	1001	1001	1001	1001	1001	1001	
1001	01001	1001	000001001	000001001	1001	1001	1001	1001	1001	1001	
1001	01001	1001	000001001	000001001	1001	1001	1001	1001	1001	1001	
1001	01001	1001	000001001	000001001	1001	1001	1001	1001	1001	1001	
1001	01001	1001	000001001	000001001	1001	1001	1001	1001	1001	1001	
1001	01001	1001	000001001	000001001	1001	1001	1001	1001	1001	1001	
1001	01001	1001	000001001	000001001	1001	1001	1001	1001	1001	1001	
1001	01001	1001	000001001	000001001	1001	1001	1001	1001	1001	1001	
1001	01001	1001	000001001	000001001	1001	1001	1001	1001	1001	1001	
1001	01001	1001	000001001	000001001	1001	1001	1001	1001	1001	1001	
1001	01001	1001	000001001	000001001	1001	1001	1001	1001	1001	1001	
1001	01001	1001	000001001	000001001	1001	1001	1001	1001	1001	1001	
1001	01001	1001	000001001	000001001	1001	1001	1001	1001	1001	1001	
1001	01001	1001	000001001	000001001	1001	1001	1001	1001	1001	1001	
1001	01001	1001	000001001	000001001	1001	1001	1001	1001	1001	1001	
1001	01001	1001	000001001	000001001	1001	1001	1001	1001	1001	1001	
1001	01001	1001	000001001	000001001	1001	1001	1001	1001	1001	1001	
1001	01001	1001	000001001	000001001	1001	1001	1001	1001	1001	1001	
1001	01001	1001	000001001	000001001	1001	1001	1001	1001	1001	1001	
1001	01001	1001	000001001	000001001	1001	1001	1001	1001	1001	1001	
1001	01001	1001	000001001	000001001	1001	1001	1001	1001	1001	1001	
1001	01001	1001	000001001	000001001	1001	1001	1001	1001	1001	1001	
1001	01001	1001	000001001	000001001	1001	1001	1001	1001	1001	1001	
1001	01001	1001	000001001	000001001	1001	1001	1001	1001	1001	1001	
1001	01001	1001	000001001	000001001	1001	1001	1001	1001	1001	1001	
1001	01001	1001	000001001	000001001	1001	1001	1001	1001	1001	1001	
1001	01001	1001	000001001	000001001	1001	1001	1001	1001	1001	1001	
1001	01001	1001	000001001	000001001	1001	1001	1001	1001	1001	1001	
1001	01001	1001	000001001	000001001	1001	1001	1001	1001	1001	1001	
1001	01001	1001	000001001	000001001	1001	1001	1001	1001	1001	1001	
1001	01001	1001	000001001	000001001	1001	1001	1001	1001	1001	1001	
1001	01001	1001	000001001	000001001	1001	1001	1001	1001	1001	1001	
1001	01001	1001	000001001	000001001	1001	1001	1001	1001	1001	1001	
1001	01001	1001	000001001	000001001	1001	1001	1001	1001	1001	1001	
1001	01001	1001	000001001	000001001	1001	1001	1001	1001	1001	1001	
1001	01001	1001	000001001	000001001	1001	1001	1001	1001	1001	1001	
1001	01001	1001	000001001	000001001	1001	1001	1001	1001	1001	1001	
1001	01001	1001	000001001	000001001	1001	1001	1001	1001	1001	1001	
1001	01001	1001	000001001	000001001	1001	1001	1001	1001	1001	1001	
1001	01001	1001	000001001	000001001	1001	1001	1001	1001	1001	1001	
1001	01001	1001	000001001	000001001	1001	1001	1001	1001	1001	1001	
1001	01001	1001	000001001	000001001	1001	1001	1001	1001	1001	1001	
1001	01001	1001	000001001	000001001	1001	1001	1001	1001	1001	1001	
1001	01001	1001	000001001	000001001	1001	1001	1001	1001	1001	1001	
1001	01001	1001	000001001	000001001	1001	1001	1001	1001	1001	1001	
1001	01001	1001	000001001	000001001	1001	1001	1001	1001	1001	1001	
1001	01001	1001	000001001	000001001	1001	1001	1001	1001	1001	1001	
1001	01001	1001	000001001	000001001	1001	1001	1001	1001	1001	1001	
1001	01001	1001	000001001	000001001	1001	1001	1001	1001	1001	1001			
1001	01001	1001	000001001	000001001	1001	1001	1001	1001	1001	1001			
1001	01001	1001	000001001	000001001	1001	1001	1001	1001	1001	1001			
1001	01001	1001	000001001	000001001	1001	1001	1001	1001	1001	1001			
1001	01001	1001	000001001	000001001	1001	1001	1001	1001	1001	1001			
1001	01001	1001	000001001	000001001	1001	1001	1001	1001	1001	1001			
1001	01001	1001	000001001	000001001	1001	1001	1001	1001	1001	1001			
1001	01001	1001	000001001	000001001	1001	1001	1001	1001	1001	1001			
1001	01001	1001	000001001	000001001	1001	1001	1001	1001	1001	1001			
1001	01001	1001	000001001	000001001	1001	1001	1001	1001	1001	1001			
1001	01001	1001	000001001	000001001	1001	1001	1001	1001	1001	1001			
1001	01001	1001	000001001	000001001	1001	1001	1001	1001	1001	1001			
1001	01001	1001	000001001	000001001	1001	1001	1001	1001	1001	1001			
1001	01001	1001	000001001	000001001	1001	1001	1001	1001	1001	1001			
1001	01001	1001	000001001	000001001	1001	1001	1001	1001	1001	1001			
1001	01001	1001	000001001	000001001	1001	1001	1001	1001	1001	1001			
1001	01001	1001	000001001	000001001	1001	1001	1001	1001	1001	1001			
1001	01001	1001	000001001	000001001	1001	1001	1001	1001	1001	1001			
1001	01001	1001	000001001	000001001	1001	1001	1001	1001	1001	1001			
1001	01001	1001	000001001	000001001	1001	1001	1001	1001	1001	1001			
1001	01001	1001	000001001	000001001	1001	1001	1001	1001	1001	1001			
1001	01001	1001	000001001	000001001	1001	1001	1001	1001	1001	1001			
1001	01001	1001	000001001	000001001	1001	1001	1001	1001	1001	1001			
1001	01001	1001	000001001	000001001	1001	1001	1001	1001	1001	1001			
1001	01001	1001	000001001	000001001	1001	1001	1001	1001	1001	1001			
1001	01001	1001	000001001	000001001	1001	1001	1001	1001	1001	1001			
1001	01001	1001	000001001	000001001	1001	1001	1001	1001	1001	1001			
1001	01001	1001	000001001	000001001	1001	1001	1001	1001	1001	1001			
1001	01001	1001	000001001	000001001	1001	1001	1001	1001	1001	1001			
1001	01001	1001	000001001	000001001	1001	1001	1001	1001	1001	1001			
1001	01001	1001	000001001	000001001	1001	1001	1001	1001	1001	1001			
1001	01001	1001	000001001	000001001	1001	1001	1001	1001	1001	1001			
1001	01001	1001	000001001	000001001	1001	1001	1001	1001	1001	1001			
1001	01001	1001	000001001	000001001	1001	1001	1001	1001	1001	1001			
1001	01001	1001	000001001	000001001	1001	1001	1001	1001	1001	1001			
1001	01001	1001	000001001	000001001	1001	1001	1001	1001	1001	1001			
1001	01001	1001	000001001	000001001	1001	1001	1001	1001	1001	1001			
1001	01001	1001	000001001	000001001	1001	1001	1001	1001	1001	1001			
1001	01001	1001	000001001	000001001	1001	1001	1001	1001	1001	1001			
1001	01001	1001	000001001	000001001	1001	1001	1001	1001	1001	1001			
1001	01001	1001	000001001	000001001	1001	1001	1001	1001	1001	1001			
1001	01001	1001	000001001	000001001	1001	1001	1001	1001	1001	1001			
1001	01001	1001	000001001	000001001	1001	1001	1001	1001	1001	1001			
1001	01001	1001	000001001	000001001	1001	1001	1001	1001	1001	1001			
1001	01001	1001	000001001	000001001	1001	1001	1001	1001	1001	1001			
1001	01001	1001	000001001	000001001	1001	1001	1001	1001	1001	1001			
1001	01001	1001	000001001	000001001	1001	1001	1001	1001	1001	1001			
1001	01001	1001	000001001	000001001	1001	1001	1001	1001	1001	1001			
1001	01001	1001	000001001	000001001	1001	1001	1001	1001	1001	1001			
C 	CUENTA  CTE  	FECHADO   	DOCUMENTO	DOC REF  	        NIT	DETALLE                     	T	                VALOR	               V BASE	CCOSTO 	TE 	PZO	1001	01001	1001	000001001	000001001	1001	1001	1001	1001	1001	1001			
1001	01001	1001	000001001	000001001	1001	1001	1001	1001	1001	1001			
1001	01001	1001	000001001	000001001	1001	1001	1001	1001	1001	1001			
1001	01001	1001	000001001	000001001	1001	1001	1001	1001	1001	1001			
1001	01001	1001	000001001	000001001	1001	1001	1001	1001	1001	1001			
1001	01001	1001	000001001	000001001	1001	1001	1001	1001	1001	1001			
1001	01001	1001	000001001	000001001	1001	1001	1001	1001	1001	1001			
1001	01001	1001	000001001	000001001	1001	1001	1001	1001	1001	1001			
1001	01001	1001	000001001	000001001	1001	1001	1001	1001	1001	1001			
1001	01001	1001	000001001	000001001	1001	1001	1001	1001	1001	1001			
1001	01001	1001	000001001	000001001	1001	1001	1001	1001	1001	1001			
1001	01001	1001	000001001	000001001	1001	1001	1001	1001	1001	1001			
1001	01001	1001	000001001	000001001	1001	1001	1001	1001	1001	1001			
1001	01001	1001	000001001	000001001	1001	1001	1001	1001	1001	1001			
1001	01001	1001	000001001	000001001	1001	1001	1001	1001	1001	1001			
1001	01001	1001	000001001	000001001	1001	1001	1001	1001	1001	1001			
1001	01001	1001	000001001	000001001	1001	1001	1001	1001	1001	1001			
1001	01001	1001	000001001	000001001	1001	1001	1001	1001	1001	1001			
1001	01001	1001	000001001	000001001	1001	1001	1001	1001	1001	1001			
1001	01001	1001	000001001	000001001	1001	1001	1001	1001	1001	1001			
1001	01001	1001	000001001	000001001	1001	1001	1001	1001	1001	1001			
1001	01001	1001	000001001	000001001	1001	1001	1001	1001	1001	1001			
1001	01001	1001	000001001	000001001	1001	1001	1001	1001	1001	1001			
1001	01001	1001	000001001	000001001	1001	1001	1001	1001	1001	1001			
1001	01001	1001	000001001	000001001	1001	1001	1001	1001	1001	1001			
1001	01001	1001	000001001	000001001	1001	1001	1001	1001	1001	1001			
1001	01001	1001	000001001	000001001	1001	1001	1001	1001	1001	1001			
1001	01001	1001	000001001	000001001	1001	1001	1001	1001	1001	1001			
1001	01001	1001	000001001	000001001	1001	1001	1001	1001	1001	1001			
1001	01001	1001	000001001	000001001	1001	1001	1001	1001	1001	1001			
1001	01001	1001	000001001	000001001	1001	1001	1001	1001	1001	1001			
1001	01001	1001	000001001	000001001	1001	1001	1001	1001	1001	1001			
1001	01001	1001	000001001	000001001	1001	1001	1001	1001	1001	1001			
1001	01001	1001	000001001	000001001	1001	1001	1001	1001	1001	1001			
1001	01001	1001	000001001	000001001	1001	1001	1001	1001	1001	1001			
1001	01001	1001	000001001	000001001	1001	1001	1001	1001	1001	1001			
1001	01001	1001	000001001	000001001	1001	1001	1001	1001	1001	1001			
1001	01001	1001	000001001	000001001	1001	1001	1001	1001	1001	1001			
1001	01001	1001	000001001	000001001	1001	1001	1001	1001	1001	1001			
1001	01001	1001	000001001	000001001	1001	1001	1001	1001	1001	1001			
1001	01001	1001	000001001	000001001	1001	1001	1001	1001	1001	1001			
1001	01001	1001	000001001	000001001	1001	1001	1001	1001	1001	1001			
1001	01001	1001	000001001	000001001	1001	1001	1001	1001	1001	1001			
1001	01001	1001	000001001	000001001	1001	1001	1001	1001	1001	1001			
1001	01001	1001	000001001	000001001	1001	1001	1001	1001	1001	1001			
1001	01001	1001	000001001	000001001	1001	1001	1001	1001	1001	1001			
1001	01001	1001	000001001	000001001	1001	1001	1001	1001	1001	1001			
1001	01001	1001	000001001	000001001	1001	1001	1001	1001	1001	1001			
1001	01001	1001	000001001	000001001	1001	1001	1001	1001	1001	1001			
C 	CUENTA  CTE  	FECHADO   	DOCUMENTO	DOC REF  	        NIT	DETALLE                     	T	                VALOR	               V BASE	CCOSTO 	TE 	PZO	1001	01001	1001	000001001	000001001	1001	1001	1001	1001	1001	1001			
1001	01001	1001	000001001	000001001	1001	1001	1001	1001	1001	1001			
1001	01001	1001	000001001	000001001	1001	1001	1001	1001	1001	1001			
1001	01001	1001	000001001	000001001	1001	1001	1001	1001	1001	1001			
1001	01001	1001	000001001	000001001	1001	1001	1001	1001	1001	1001			
1001	01001	1001	000001001	000001001	1001	1001	1001	1001	1001	1001			
1001	01001	1001	000001001	000001001	1001	1001	1001	1001	1001	1001			
1001	01001	1001	000001001	000001001	1001	1001	1001	1001	1001	1001			
C 	CUENTA  CTE  	FECHADO   	DOCUMENTO	DOC REF  	        NIT	DETALLE                     	T	                VALOR	               V BASE	CCOSTO 	TE 	PZO			
1001	01001	1001	000001001	000001001	1001	1001	1001	1001	1001	1001			
1001	01001	1001	000001001	000001001	1001	1001	1001	1001	1001	1001			
1001	01001	1001	000001001	000001001	1001	1001	1001	1001	1001	1001			
1001	01001	1001	000001001	000001001	1001	1001	1001	1001	1001	1001			
1001	01001	1001	000001001	000001001	1001	1001	1001	1001	1001	1001			
1001	01001	1001	000001001	000001001	1001	1001	1001	1001	1001	1001			
1001	01001	1001	000001001	000001001	1001	1001	1001	1001	1001	1001			
1001	01001	1001	000001001	000001001	1001	1001	1001	1001	1001	1001			
C 	CUENTA  CTE  	FECHADO   	DOCUMENTO	DOC REF  	        NIT	DETALLE                     	T	                VALOR	               V BASE	CCOSTO 	TE 	PZO	
1001	01001	1001	000001001	000001001	1001	1001	1001	1001	1001	1001			
1001	01001	1001	000001001	000001001	1001	1001	1001	1001	1001	1001			
1001	01001	1001	000001001	000001001	1001	1001	1001	1001	1001	1001			
1001	01001	1001	000001001	000001001	1001	1001	1001	1001	1001	1001			
1001	01001	1001	000001001	000001001	1001	1001	1001	1001	1001	1001			
1001	01001	1001	000001001	000001001	1001	1001	1001	1001	1001	1001			
1001	01001	1001	000001001	000001001	1001	1001	1001	1001	1001	1001			
1001	01001	1001	000001001	000001001	1001	1001	1001	1001	1001	1001			
C 	CUENTA  CTE  	FECHADO   	DOCUMENTO	DOC REF  	        NIT	DETALLE                     	T	                VALOR	               V BASE	CCOSTO 	TE 	PZO	
1001	01001	1001	000001001	000001001	1001	1001	1001	1001	1001	1001			
1001	01001	1001	000001001	000001001	1001	1001	1001	1001	1001	1001			
1001	01001	1001	000001001	000001001	1001	1001	1001	1001	1001	1001			
1001	01001	1001	000001001	000001001	1001	1001	1001	1001	1001	1001			
1001	01001	1001	000001001	000001001	1001	1001	1001	1001	1001	1001			
1001	01001	1001	000001001	000001001	1001	1001	1001	1001	1001	1001			
1001	01001	1001	000001001	000001001	1001	1001	1001	1001	1001	1001			
1001	01001	1001	000001001	000001001	1001	1001	1001	1001	1001	1001			
C CUENTA  CTE  FECHADO   DOCUMENTODOC REF          NITDETALLE                     T	                VALOR               V BASECCOSTO TE PZO
1001	01001	1001	000001001	000001001	1001	1001	1001	1001	1001	1001			
1001	01001	1001	000001001	000001001	1001	1001	1001	1001	1001	1001			
1001	01001	1001	000001001	000001001	1001	1001	1001	1001	1001	1001			
1001	01001	1001	000001001	000001001	1001	1001	1001	1001	1001	1001			
1001	01001	1001	000001001	000001001	1001	1001	1001	1001	1001	1001			
1001	01001	1001	000001001	000001001	1001	1001	1001	1001	1001	1001			
1001	01001	1001	000001001	000001001	1001	1001	1001	1001	1001	1001			
1001	01001	1001	000001001	000001001	1001	1001	1001	1001	1001	1001			
C CUENTA  CTE  FECHADO   DOCUMENTODOC REF          NITDETALLE                     T	                VALOR               V BASECCOSTO TE PZO
1001	01001	1001	000001001	000001001	1001	1001	1001	1001	1001	1001			
1001	01001	1001	000001001	000001001	1001	1001	1001	1001	1001	1001			
1001	01001	1001	000001001	000001001	1001	1001	1001	1001	1001	1001			
1001	01001	1001	000001001	000001001	1001	1001	1001	1001	1001	1001			
1001	01001	1001	000001001	000001001	1001	1001	1001	1001	1001	1001			
1001	01001	1001	000001001	000001001	1001	1001	1001	1001	1001	1001			
1001	01001	1001	000001001	000001001	1001	1001	1001	1001	1001	1001			
1001	01001	1001	000001001	000001001	1001	1001	1001	1001	1001	1001			
C CUENTA  CTE  FECHADO   DOCUMENTODOC REF          NITDETALLE                     T	                VALOR               V BASECCOSTO TE PZO
      1001	00001	2019-01-30	000000002	000000002	1001	1001	1001	1001	1001			
      1001	00001	2019-01-30	000000008	000000008	1001	1001	1001	1001	1001			
      1001	00001	2019-01-30	000000009	000000009	1001	1001	1001	1001	1001			
      1001	00001	2019-01-30	000000009	000000009	1001	1001	1001	1001	1001			
      1001	00001	2019-01-30	000000009	000000009	1001	1001	1001	1001	1001			
      1001	00001	2019-01-30	000000009	000000009	1001	1001	1001	1001	1001			
      1001	00001	2019-01-30	000000009	000000009	1001	1001	1001	1001	1001			
      1001	00001	2019-01-30	000000003	000000003	1001	1001	1001	1001	1001			
      1001	00001	2019-01-30	000000002	000000002	1001	1001	1001	1001	1001			
      1001	00001	2019-01-30	000000008	000000008	1001	1001	1001	1001	1001			
      1001	00001	2019-01-30	000000009	000000009	1001	1001	1001	1001	1001			
      1001	00001	2019-01-30	000000009	000000009	1001	1001	1001	1001	1001			
      1001	00001	2019-01-30	000000009	000000009	1001	1001	1001	1001	1001			
      1001	00001	2019-01-30	000000009	000000009	1001	1001	1001	1001	1001			
      1001	00001	2019-01-30	000000009	000000009	1001	1001	1001	1001	1001			
      1001	00001	2019-01-30	000000003	000000003	1001	1001	1001	1001	1001			
      1001	00001	2019-01-30	000000002	000000002	1001	1001	1001	1001	1001			
      1001	00001	2019-01-30	000000008	000000008	1001	1001	1001	1001	1001			
      1001	00001	2019-01-30	000000009	000000009	1001	1001	1001	1001	1001			
      1001	00001	2019-01-30	000000009	000000009	1001	1001	1001	1001	1001			
      1001	00001	2019-01-30	000000009	000000009	1001	1001	1001	1001	1001			
      1001	00001	2019-01-30	000000009	000000009	1001	1001	1001	1001	1001			
      1001	00001	2019-01-30	000000009	000000009	1001	1001	1001	1001	1001			
      1001	00001	2019-01-30	000000003	000000003	1001	1001	1001	1001	1001			
      1001	00001	2019-01-30	000000002	000000002	1001	1001	1001	1001	1001			
      1001	00001	2019-01-30	000000008	000000008	1001	1001	1001	1001	1001			
      1001	00001	2019-01-30	000000009	000000009	1001	1001	1001	1001	1001			
      1001	00001	2019-01-30	000000009	000000009	1001	1001	1001	1001	1001			
      1001	00001	2019-01-30	000000009	000000009	1001	1001	1001	1001	1001			
      1001	00001	2019-01-30	000000009	000000009	1001	1001	1001	1001	1001			
      1001	00001	2019-01-30	000000009	000000009	1001	1001	1001	1001	1001			
      1001	00001	2019-01-30	000000003	000000003	1001	1001	1001	1001	1001			
      1001	00001	2019-01-30	000000002	000000002	890920043	RECIBO DE CAJA	1	2985812.782517	0			0			
      1001	00001	2019-01-30	000000008	000000008	890920043	RECIBO DE CAJA	1	18856661	0			0			
      1001	00001	2019-01-30	000000009	000000009	890920043	RECIBO DE CAJA	1	833538	0			0			
      1001	00001	2019-01-30	000000009	000000009	890920043	RECIBO DE CAJA	1	12241942	0			0			
      1001	00001	2019-01-30	000000009	000000009	890920043	RECIBO DE CAJA	1	12650563	0			0			
      1001	00001	2019-01-30	000000009	000000009	890920043	RECIBO DE CAJA	1	1188160	0			0			
      1001	00001	2019-01-30	000000009	000000009	890920043	RECIBO DE CAJA	1	598749.2634997	0			0			
      1001	00001	2019-01-30	000000003	000000003	890920043	REGALO NAVIDEÑO	1	20000	0			0			
      1001	00001	2019-01-30	000000002	000000002	890920043	RECIBO DE CAJA	1	2985812.782517	0			0			
      1001	00001	2019-01-30	000000008	000000008	890920043	RECIBO DE CAJA	1	18856661	0			0			
      1001	00001	2019-01-30	000000009	000000009	890920043	RECIBO DE CAJA	1	833538	0			0			
      1001	00001	2019-01-30	000000009	000000009	890920043	RECIBO DE CAJA	1	12241942	0			0			
      1001	00001	2019-01-30	000000009	000000009	890920043	RECIBO DE CAJA	1	12650563	0			0			
      1001	00001	2019-01-30	000000009	000000009	890920043	RECIBO DE CAJA	1	1188160	0			0			
      1001	00001	2019-01-30	000000009	000000009	890920043	RECIBO DE CAJA	1	598749.2634997	0			0			
      1001	00001	2019-01-30	000000003	000000003	890920043	REGALO NAVIDEÑO	1	20000	0			0			
